18.300	-19.000	0.519	-3.368	0.154
18.450	-18.000	0.504	-3.327	0.152
18.600	-17.000	0.510	-3.333	0.153
18.750	-16.000	0.469	-3.256	0.144
18.900	-15.000	0.580	-3.369	0.172
19.050	-14.000	0.508	-3.320	0.153
19.200	-13.000	0.513	-3.348	0.153
19.350	-12.000	0.538	-3.287	0.164
19.500	-11.000	0.496	-3.293	0.151
19.650	-10.000	0.495	-3.356	0.148
19.800	-9.000	0.534	-3.379	0.158
19.950	-8.000	0.534	-3.353	0.159
20.100	-7.000	0.531	-3.323	0.160
20.250	-6.000	0.490	-3.308	0.148
20.400	-5.000	2.251	-3.370	0.668
20.550	-4.000	0.509	-3.356	0.152
20.700	-3.000	0.462	-3.296	0.140
20.850	-2.000	0.553	-3.290	0.168
21.000	-1.000	0.505	-3.383	0.149
21.150	0.000	0.506	-3.354	0.151
21.300	1.000	2.682	-3.294	0.814
21.450	2.000	38.080	-3.320	11.469
21.600	3.000	45.039	-3.309	13.610
21.750	4.000	48.978	-3.334	14.691
21.900	5.000	50.809	-3.318	15.313
22.050	6.000	50.259	-3.348	15.010
22.200	7.000	49.085	-3.314	14.810
22.350	8.000	47.801	-3.346	14.285
22.500	9.000	46.357	-3.301	14.045
22.650	10.000	45.348	-3.321	13.654
22.800	11.000	44.056	-3.392	12.989
22.950	12.000	43.879	-3.377	12.994
23.100	13.000	42.936	-3.383	12.692
23.250	14.000	41.996	-3.309	12.691
23.400	15.000	41.716	-3.369	12.381
23.550	16.000	40.371	-3.263	12.371
23.700	17.000	40.201	-3.284	12.241
23.850	18.000	39.519	-3.327	11.880
24.000	19.000	37.988	-3.226	11.777
24.150	20.000	37.603	-3.274	11.484
24.300	21.000	37.493	-3.309	11.329
24.450	22.000	36.916	-3.333	11.077
24.600	23.000	36.082	-3.225	11.189
24.750	24.000	35.949	-3.344	10.751
24.900	25.000	35.563	-3.306	10.756
25.050	26.000	35.250	-3.338	10.559
25.200	27.000	34.766	-3.332	10.433
25.350	28.000	34.427	-3.284	10.484
25.500	29.000	34.219	-3.291	10.398
25.650	30.000	33.998	-3.269	10.400
25.800	31.000	34.469	-3.288	10.483
25.950	32.000	34.596	-3.345	10.342
26.100	33.000	34.396	-3.299	10.425
26.250	34.000	34.215	-3.287	10.409
26.400	35.000	33.894	-3.330	10.178
26.550	36.000	33.395	-3.268	10.219
26.700	37.000	33.165	-3.309	10.024
26.850	38.000	32.537	-3.336	9.754
27.000	39.000	32.425	-3.334	9.724
27.150	40.000	31.666	-3.260	9.714
27.300	41.000	31.526	-3.242	9.724
27.450	42.000	31.686	-3.337	9.496
27.600	43.000	31.750	-3.326	9.545
27.750	44.000	30.931	-3.246	9.528
27.900	45.000	31.134	-3.274	9.511
28.050	46.000	31.048	-3.294	9.425
28.200	47.000	31.011	-3.358	9.236
28.350	48.000	30.850	-3.310	9.320
28.500	49.000	30.740	-3.322	9.252
28.650	50.000	30.452	-3.315	9.188
28.800	51.000	30.397	-3.300	9.210
28.950	52.000	30.532	-3.355	9.100
29.100	53.000	30.331	-3.311	9.160
29.250	54.000	30.383	-3.314	9.168
29.400	55.000	30.049	-3.255	9.231
29.550	56.000	29.898	-3.238	9.234
29.700	57.000	30.334	-3.380	8.975
29.850	58.000	30.190	-3.320	9.093
30.000	59.000	30.286	-3.297	9.187
30.150	60.000	30.106	-3.304	9.111
30.300	61.000	29.583	-3.272	9.040
30.450	62.000	29.460	-3.233	9.113
30.600	63.000	29.798	-3.307	9.010
30.750	64.000	29.741	-3.284	9.057
30.900	65.000	29.844	-3.362	8.876
31.050	66.000	29.169	-3.229	9.034
31.200	67.000	29.035	-3.185	9.116
31.350	68.000	29.501	-3.274	9.011
31.500	69.000	29.544	-3.274	9.024
31.650	70.000	29.743	-3.296	9.023
31.800	71.000	29.696	-3.341	8.890
31.950	72.000	29.505	-3.312	8.908
32.100	73.000	29.294	-3.219	9.101
32.250	74.000	29.428	-3.301	8.915
32.400	75.000	29.354	-3.256	9.015
32.550	76.000	29.310	-3.253	9.011
32.700	77.000	29.545	-3.279	9.009
32.850	78.000	29.753	-3.321	8.958
33.000	79.000	29.347	-3.253	9.020
33.150	80.000	29.344	-3.268	8.979
33.300	81.000	29.258	-3.263	8.968
33.880	84.865	29.058	-3.265	8.900
34.654	90.027	29.331	-3.319	8.838
35.476	95.502	29.264	-3.304	8.857
36.347	101.310	28.890	-3.264	8.852
37.271	107.471	28.755	-3.275	8.780
38.251	114.007	28.826	-3.328	8.661
39.291	120.941	28.429	-3.230	8.801
40.395	128.296	28.193	-3.184	8.854
41.565	136.098	28.147	-3.223	8.734
42.807	144.375	28.113	-3.266	8.607
44.124	153.156	28.192	-3.305	8.531
45.521	162.470	28.038	-3.300	8.495
47.003	172.351	28.004	-3.327	8.417
48.575	182.833	27.615	-3.260	8.470
50.243	193.952	27.290	-3.200	8.527
52.013	205.747	27.244	-3.270	8.332
53.890	218.260	27.103	-3.258	8.319
55.881	231.534	26.747	-3.255	8.216
57.993	245.615	26.553	-3.204	8.288
60.234	260.553	26.434	-3.252	8.127
62.610	276.399	25.798	-3.159	8.168
65.132	293.208	25.751	-3.192	8.068
67.807	311.040	25.324	-3.160	8.014
70.644	329.957	25.482	-3.232	7.885
73.654	350.023	25.303	-3.241	7.807
76.847	371.311	24.743	-3.180	7.781
80.235	393.892	24.557	-3.189	7.701
83.828	417.848	23.925	-3.154	7.587
87.640	443.260	23.539	-3.120	7.546
91.683	470.217	23.607	-3.172	7.443
95.973	498.814	23.232	-3.116	7.455
100.524	529.150	22.476	-3.097	7.258
105.351	561.331	22.444	-3.148	7.130
110.472	595.470	22.250	-3.129	7.110
115.904	631.684	21.763	-3.120	6.975
121.666	670.101	21.262	-3.118	6.819
127.779	710.854	20.738	-3.062	6.771
134.264	754.086	20.789	-3.140	6.620
141.143	799.947	20.132	-3.068	6.562
148.441	848.597	19.819	-3.161	6.269
156.182	900.205	19.085	-3.052	6.252
164.395	954.953	18.763	-3.078	6.095
173.106	1013.030	18.282	-3.041	6.013
182.348	1074.639	17.572	-2.985	5.887
192.151	1139.994	17.057	-2.974	5.735
202.551	1209.325	16.779	-2.988	5.616
213.583	1282.872	16.130	-2.930	5.505
225.286	1360.892	15.712	-2.972	5.286
237.701	1443.656	15.179	-2.924	5.191
250.871	1531.454	14.684	-2.940	4.995
264.841	1624.592	13.938	-2.893	4.818
279.662	1723.394	13.466	-2.881	4.674
295.384	1828.205	12.932	-2.850	4.538
312.062	1939.390	12.451	-2.831	4.398
329.754	2057.337	11.674	-2.741	4.259
348.522	2182.457	11.215	-2.741	4.092
368.432	2315.187	10.489	-2.649	3.960
389.552	2455.989	10.100	-2.683	3.764
411.957	2605.353	9.563	-2.619	3.651
435.725	2763.802	9.072	-2.615	3.469
460.938	2931.887	8.690	-2.596	3.348
487.684	3110.194	8.106	-2.532	3.201
516.057	3299.345	7.652	-2.454	3.118
546.155	3500.000	7.284	-2.474	2.944
578.084	3712.858	6.797	-2.386	2.848
